camera_matrix:
- - 999.9212310310608
  - 0.0
  - 640.5431450302592
- - 0.0
  - 998.8242703142087
  - 363.2454995430091
- - 0.0
  - 0.0
  - 1.0
dist_coeff:
- - 0.1677938537617837
  - -0.2223120187081995
  - -0.0035888338800051708
  - -0.00037822094613705056
  - -0.2535203799820664
