camera_matrix:
- - 952.8584497904303
  - 0.0
  - 646.1494929229024
- - 0.0
  - 951.9375558736248
  - 344.4133321474688
- - 0.0
  - 0.0
  - 1.0
dist_coeff:
- - 0.08353909585236079
  - -0.07480143023465959
  - -0.010151745624523213
  - 0.0012839302579916439
  - -0.319442023900799
marker_size: 0.52
