camera_matrix:
- - 356.3171253649769
  - 0.0
  - 317.90174079501816
- - 0.0
  - 356.2105043167941
  - 235.81361246796865
- - 0.0
  - 0.0
  - 1.0
dist_coeff:
- - -0.0014946591524774159
  - 0.0020394865491895737
  - -0.001377097745977381
  - -0.001025506399205169
  - 0.0022834127497613137
