camera_matrix:
- - 1000.2186303896874
  - 0.0
  - 624.2796407058905
- - 0.0
  - 998.6775321324827
  - 408.99267702328603
- - 0.0
  - 0.0
  - 1.0
dist_coeff:
- - 0.18493049859463465
  - -0.44708823948568643
  - 0.004445118093806923
  - -0.0004739208367715199
  - 0.3261816566801046
