camera_matrix:
- - 506.7344302548278
  - 0.0
  - 320.7321951381021
- - 0.0
  - 506.4970777426682
  - 245.70821509516392
- - 0.0
  - 0.0
  - 1.0
dist_coeff:
- - 0.18353504726605854
  - -0.21649918598243287
  - 0.007134866544127603
  - -0.000673553207350579
  - -0.3144082264623065
