camera_matrix:
- - 1001.7939999986985
  - 0.0
  - 637.2579795294296
- - 0.0
  - 1000.0206918667253
  - 354.76018115137686
- - 0.0
  - 0.0
  - 1.0
dist_coeff:
- - 0.20557196556574647
  - -0.48932976415850615
  - -0.004861974610016471
  - -0.0006443652080114024
  - 0.29515397719299136
