camera_matrix:
- - 1001.6982550127875
  - 0.0
  - 640.3047183348154
- - 0.0
  - 999.3529281337106
  - 364.1988218751793
- - 0.0
  - 0.0
  - 1.0
dist_coeff:
- - 0.22285829074627037
  - -0.5584846017654986
  - -0.0049050957413272955
  - -0.00016644028635265422
  - 0.3559985439347237
