camera_matrix:
- - 1018.0566157655896
  - 0.0
  - 647.0762429625142
- - 0.0
  - 1016.2850654277233
  - 372.3734970712603
- - 0.0
  - 0.0
  - 1.0
dist_coeff:
- - 0.2050151508465352
  - -0.5129738640784589
  - 0.0012586559402134009
  - 0.00016316816400537357
  - 0.34200168426665345
